n =  4
Perm =

   4   3   2   1
   3   4   2   1
   4   2   3   1
   3   2   4   1
   2   4   3   1
   2   3   4   1
   4   3   1   2
   3   4   1   2
   4   2   1   3
   3   2   1   4
   2   4   1   3
   2   3   1   4
   4   1   3   2
   3   1   4   2
   4   1   2   3
   3   1   2   4
   2   1   4   3
   2   1   3   4
   1   4   3   2
   1   3   4   2
   1   4   2   3
   1   3   2   4
   1   2   4   3
   1   2   3   4

Ident =

Diagonal Matrix

   1   0   0   0
   0   1   0   0
   0   0   1   0
   0   0   0   1

P =

ans(:,:,1) =

   0   0   0   0
   0   0   0   0
   0   0   0   0
   0   0   0   0

ans(:,:,2) =

   0   0   0   0
   0   0   0   0
   0   0   0   0
   0   0   0   0

ans(:,:,3) =

   0   0   0   0
   0   0   0   0
   0   0   0   0
   0   0   0   0

ans(:,:,4) =

   0   0   0   0
   0   0   0   0
   0   0   0   0
   0   0   0   0

P =

ans(:,:,1) =

   0   0   0   1
   0   0   1   0
   0   1   0   0
   1   0   0   0

ans(:,:,2) =

   0   0   0   0
   0   0   0   0
   0   0   0   0
   0   0   0   0

ans(:,:,3) =

   0   0   0   0
   0   0   0   0
   0   0   0   0
   0   0   0   0

ans(:,:,4) =

   0   0   0   0
   0   0   0   0
   0   0   0   0
   0   0   0   0

P =

ans(:,:,1) =

   0   0   0   1
   0   0   1   0
   0   1   0   0
   1   0   0   0

ans(:,:,2) =

   0   0   0   1
   0   0   1   0
   1   0   0   0
   0   1   0   0

ans(:,:,3) =

   0   0   0   0
   0   0   0   0
   0   0   0   0
   0   0   0   0

ans(:,:,4) =

   0   0   0   0
   0   0   0   0
   0   0   0   0
   0   0   0   0

P =

ans(:,:,1) =

   0   0   0   1
   0   0   1   0
   0   1   0   0
   1   0   0   0

ans(:,:,2) =

   0   0   0   1
   0   0   1   0
   1   0   0   0
   0   1   0   0

ans(:,:,3) =

   0   0   0   1
   0   1   0   0
   0   0   1   0
   1   0   0   0

ans(:,:,4) =

   0   0   0   0
   0   0   0   0
   0   0   0   0
   0   0   0   0

P =

ans(:,:,1) =

   0   0   0   1
   0   0   1   0
   0   1   0   0
   1   0   0   0

ans(:,:,2) =

   0   0   0   1
   0   0   1   0
   1   0   0   0
   0   1   0   0

ans(:,:,3) =

   0   0   0   1
   0   1   0   0
   0   0   1   0
   1   0   0   0

ans(:,:,4) =

   0   0   0   1
   0   1   0   0
   1   0   0   0
   0   0   1   0

ans =

   4   3   2   1
   3   4   2   1
   4   2   3   1

P1 =

   0   0   0   1
   0   0   1   0
   0   1   0   0
   1   0   0   0

P2 =

   0   0   0   1
   0   0   1   0
   1   0   0   0
   0   1   0   0

P3 =

   0   0   0   1
   0   1   0   0
   0   0   1   0
   1   0   0   0

x =

   1
   2
   3
   4

ans =

   4
   3
   2
   1

ans =

   4
   3
   1
   2

ans =

   4
   2
   3
   1

ans =

   1   0   0   0
   0   0   1   0
   0   0   0   1
   0   1   0   0

ans =

   1
   3
   4
   2

ans =

   0   1   0   0
   0   0   1   0
   1   0   0   0
   0   0   0   1

ans =

   2
   3
   1
   4


